31,36
31,34
31,33
31,32
31,37
31,30
31,29
31,27
31,26
31,38
31,25
31,23
31,22
31,21
31,19
31,40
31,18
31,17
31,15
31,14
31,13
31,41
31,11
31,8
31,7
31,42
31,6
31,5
16,3
16,1
31,44
16,0
31,45
4,3
4,2
4,1
31,46
4,0
3,6
3,5
31,48
3,4
3,3
3,2
3,1
3,0
31,64
2,4
2,2
1,2
31,65
0,243
31,66
31,1
31,67
31,3
31,0
1,1
1,3
1,0
33,1
33,3
33,0
32,1
32,3
2,1
32,0
2,5
2,3
2,0
0,9
0,514
0,513
0,512
0,468
0,467
0,466
0,465
0,464
0,463
0,462
0,461
0,460
0,459
0,458
0,457
0,456
0,455
0,454
0,453
0,452
0,451
0,450
0,449
0,448
0,383
0,382
0,381
0,380
0,379
0,378
0,377
0,376
0,375
0,374
0,310
0,305
0,308
0,304
0,303
0,302
0,307
0,12
0,10
0,8
0,0
0,447
0,300
0,446
0,299
0,445
0,298
0,444
0,297
0,443
0,296
0,442
0,295
0,441
0,294
0,440
0,293
0,439
0,292
0,438
0,291
0,437
0,290
0,436
0,289
0,435
0,288
0,434
0,287
0,433
0,286
0,432
0,285
0,431
0,284
0,430
0,283
0,429
0,282
0,428
0,281
0,427
0,280
0,426
0,279
0,425
0,278
0,424
0,277
0,423
0,276
0,422
0,275
0,420
0,274
0,419
0,273
0,418
0,272
0,417
0,271
0,416
0,270
0,415
0,269
0,414
0,268
0,413
0,267
0,412
0,266
0,411
0,265
0,410
0,264
0,409
0,263
0,408
0,262
0,407
0,261
0,406
0,260
0,405
0,259
0,404
0,258
0,403
0,257
0,402
0,256
0,401
0,255
0,400
0,254
0,372
0,253
0,399
0,252
0,398
0,251
0,371
0,250
0,370
0,249
0,397
0,248
0,396
0,247
0,395
0,246
0,394
0,245
0,393
0,244
0,384
0,242
0,392
0,241
0,369
0,240
0,391
0,239
0,390
0,238
0,389
0,237
0,388
0,236
0,387
0,235
0,386
0,234
0,373
0,233
